1.0583888091063065e-05
1.4155528664657821e-05
1.597370723189427e-05
1.0980084163055426e-05
1.638083686266981e-05
1.6837963780342576e-05
-0.003325894000580232
0.02261293184511604
0.2499999999999378
-0.03738869844114078
-0.0033238275093597
0.0033069792597214126
1.6378647809671555e-05
1.6945566932544535e-05
1.5974512460135677e-05
2.0745884398646157e-05
1.0583516776114e-05
5.032710359980289e-05
1.6537641129720912e-05
1.7159295072685266e-05
1.556647665155845e-05
1.935820592954528e-05
1.653700396454576e-05
1.642472345516764e-05
