-3.510254021318376e-05
1.7884188576914348e-05
8.116963581412593e-06
-0.03234680259735427
-0.002842746142620283
1.8100611929984765e-05
1.6427252713465253e-05
0.022533277224528397
0.2499999999999378
0.00010503585860873255
1.6429123376362988e-05
0.00027367306832242914
-0.0028435991442371123
1.2288434787777354e-05
8.182379394519746e-06
7.652077552562426e-05
-3.515978470261722e-05
-1.520702964082348e-05
2.4906100796479814e-05
5.440958584951229e-05
-5.7418463836156354e-06
2.932825784238806e-05
2.4712083253173686e-05
0.0007594921001028663
