-1.47617248759741e-06
1.3575708666209509e-06
-1.3458405271073378e-06
-5.448851804742841e-05
5.5631499657555256e-05
1.5160047531939817e-06
-0.0005604696164779436
-0.24091034724580257
0.2499999999999378
0.0005716275435883541
-0.0005577375342263676
0.0005606822458892719
5.510716093438811e-05
1.3663291998035138e-06
-1.3445765285036612e-06
1.4759274591631024e-06
-1.4194054027984988e-06
-5.462159161163106e-05
-7.876147353581456e-07
1.0014944373741208e-06
-9.73221251121017e-07
8.329908656778952e-07
-8.152840471162486e-07
8.203813426195814e-07
