6.490551632728506e-05
7.743005851679783e-05
8.009190573446742e-05
0.00013434923765309663
8.328156962904789e-05
8.685660745590473e-05
-0.008358675670529088
0.05712155791700946
0.2499999999999875
-0.03722234480226123
-0.008355650727698487
0.008396447168386
8.32804022089645e-05
8.458082741754384e-05
8.009324376752826e-05
9.424186651031368e-05
6.490972047852803e-05
0.00020106669337114917
8.437816836413834e-05
8.686596264634731e-05
8.078609926271295e-05
9.444634145002728e-05
8.437602056738061e-05
8.62765741002666e-05
