-6.882456701455944e-05
8.870430647128463e-05
8.591470397725472e-05
-0.03214983068856644
-0.007124154977789451
9.006884592863551e-05
7.291532608988472e-05
0.056916564595529684
0.2499999999999875
0.0001310102716001419
7.291588336933747e-05
0.0008554456403914359
-0.007126220352930409
-7.310807817236027e-05
8.59194804218488e-05
7.432878982730643e-05
-6.89097512933714e-05
-0.0005161282564310611
0.00022184003912049726
0.00018583823343782898
8.999459675432647e-05
8.36806774112611e-05
0.0002217779467128684
0.0019107918284890133
