9.351722270027662e-06
2.4587189686230123e-05
-2.4596178912827736e-05
0.0003473496968894587
-0.00032884593589563104
-9.082712323086557e-06
-0.0003402858638605474
-0.2408457575171605
0.2499999999999875
0.00036050370632569935
-0.0003429015882434322
0.0003416543652965964
-0.0003288735088845783
2.4770793386340842e-05
-2.4627861018930443e-05
-9.29880496169916e-06
9.406497596254975e-06
0.00032795617512209875
3.896855134072893e-05
-5.691304264637875e-06
5.802000467406389e-06
-3.879976926117844e-05
3.893255644517225e-05
-3.897428197411395e-05
