3.0289853758774012e-05
3.777107551744081e-05
4.0741372561741855e-05
5.084367262017482e-05
4.2304091934247975e-05
4.367513632298915e-05
-0.006083505720205705
0.04144632878261694
0.2499999999999781
-0.03732351399734136
-0.006080354392016312
0.006072542063886508
4.230405560908199e-05
4.2918244678458035e-05
4.074180879369787e-05
4.989471470498985e-05
3.0287944348094653e-05
0.00011418077042476612
4.2574660813167054e-05
4.4201957184708745e-05
4.049965013210313e-05
4.880268679099224e-05
4.257333901785904e-05
4.296983582746467e-05
