-5.556978747345275e-05
4.4744493945168056e-05
3.0814477093125524e-05
-0.032270611896017314
-0.005193506890154135
4.551148263171088e-05
3.930903409327e-05
0.041299156950332726
0.2499999999999781
0.00017642613790611123
3.931140486282045e-05
0.0005318805256452014
-0.00519540021632475
-5.067871947681111e-05
3.084164205630272e-05
9.942278318426569e-05
-5.562258156594985e-05
-0.0003233342098131709
0.00012706152093538194
0.0001129335033989177
2.227328192954077e-05
6.135988506675145e-05
0.00012704896269708413
0.0013897548782537544
