3.0525778826695184e-06
7.834760949873859e-06
-7.818215001138616e-06
3.85303533433424e-05
-3.192120032624828e-05
-2.9423379856571504e-06
-0.0008594511436797954
-0.24088342943468674
0.2499999999999781
0.000883906478887709
-0.0008605104568399151
0.0008600178395898665
-3.1869538655586595e-05
7.874997755112024e-06
-7.818535033938588e-06
-2.8938071505603204e-06
2.9951712511809814e-06
3.212523722050934e-05
6.65113998277915e-06
1.6471913609270704e-07
-1.0144234660047168e-07
-6.676868461627458e-06
6.722965895777952e-06
-6.6059312002419145e-06
