2.091668821316262e-06
3.0551186433343787e-06
3.5562002893203924e-06
6.992240310693754e-07
3.6003784566426025e-06
3.6943658375061176e-06
-0.0009540954186806461
0.006479184632757405
0.24999999999999292
-0.0374185700175329
-0.0009538168595619441
0.0009471200411563778
3.6024956841809583e-06
3.832775645264046e-06
3.5561228738893223e-06
4.918513013187628e-06
2.0917434401531807e-06
1.2416721112761239e-05
3.660778236980961e-06
3.7753112378447693e-06
3.4119853010877565e-06
4.347450376356101e-06
3.660897450844641e-06
3.587064559348825e-06
