-1.1283312099128834e-05
4.153152755644492e-06
3.769759583918859e-07
-0.03237774292781828
-0.0008159997483492484
4.149705777690342e-06
3.848514032866276e-06
0.006456433928636068
0.24999999999999292
3.602446513393517e-05
3.847492234632501e-06
7.854750968848295e-05
-0.0008160974980070432
1.8210421810591593e-05
4.0188637330591583e-07
2.6229927130548663e-05
-1.1377331461774592e-05
4.970905980198003e-05
-6.620252780048849e-06
1.450099386089501e-05
-4.8432580315844356e-06
8.479177850637644e-06
-6.566302457939275e-06
0.00021721303983784096
