-4.916811644063691e-07
8.231562132796653e-08
-7.967331237334612e-08
-2.576047144601298e-05
2.5727735143508618e-05
5.008185197620674e-07
-0.00020426946975019182
-0.2409284821782206
0.24999999999999292
0.00020778835161852847
-0.00020301724145626327
0.00020428916865646864
2.527001315383844e-05
8.515426440305747e-08
-7.943538683329834e-08
5.379588237297722e-07
-5.227949154246084e-07
-2.5080631925330494e-05
-2.370577408021306e-07
1.8663202713615628e-07
-1.7961397148220943e-07
3.287803934360188e-07
-3.2246308320434226e-07
2.4480284081428893e-07
