-6.754398651615872e-10
-1.1805932743189993e-10
2.2894453554885856e-10
3.3291348370657146e-08
1.7045135033514213e-09
1.546689363024359e-10
-3.861095733389772e-10
2.6682755522545672e-09
0.2499999999999799
-0.03742580823126351
2.9097865298456963e-09
-2.8212295852378495e-09
7.076074204867929e-10
-3.884923101274552e-09
1.6651116313331255e-10
-1.3780506524148682e-09
-3.0037467587005996e-10
1.6606143601078227e-09
1.3692051137787117e-10
-9.167878204698781e-10
1.878985250848921e-10
-6.179149053196609e-10
-1.025928476413969e-10
-1.956409774115852e-09
