-3.532164570459487e-08
6.470515524013903e-10
-2.5279711627944814e-08
-0.03238359310640492
7.254876563648601e-09
1.89702662601072e-09
-2.2494046203246252e-10
2.6663946887066005e-09
0.2499999999999799
-2.1103315847330645e-07
-9.530931935192854e-10
-2.527793106885397e-07
-3.2301240180150274e-10
-2.3469152771555395e-08
2.4203009659036113e-08
2.951699900972291e-08
5.214829824663152e-08
1.544138127607951e-07
1.8198176465915232e-08
2.3881008976505136e-08
-1.1866561833034325e-08
3.207107305947745e-08
-3.566270498839339e-08
-1.964331431353312e-09
