-2.9632861827313742e-08
-1.3398490494540723e-08
1.3415205686318678e-08
2.598377466985333e-07
-2.5556560414371306e-07
2.9638183710849937e-08
-6.715451222721051e-07
-0.2409352377531961
0.2499999999999799
-1.3829829480029383e-06
1.35494560332734e-06
6.71166806939067e-07
2.2910176713095922e-07
-1.2105571495062627e-08
1.2072467321708036e-08
-9.186970338977707e-09
9.195117205781493e-09
-2.2891646780024368e-07
-1.3692823340398542e-08
1.891121464559032e-08
-1.8937681219598653e-08
-3.4613342807886205e-08
3.461426485840147e-08
1.3701322304897715e-08
